  0.0000    2   10.800   1.0000         CondB
 10.8000    0    0.720   1.0000          NULL 
 11.5200    3   10.800   1.0000         CondC
 22.3200    0    3.600   1.0000          NULL 
 25.9200    3   10.800   1.0000         CondC
 36.7200    0    2.880   1.0000          NULL 
 39.6000    5   11.520   1.0000         CondD
 51.1200    0    2.160   1.0000          NULL 
 53.2800    2   10.800   1.0000         CondB
 64.0800    0    2.160   1.0000          NULL 
 66.2400    2   10.800   1.0000         CondB
 77.0400    0    3.600   1.0000          NULL 
 80.6400    2   10.800   1.0000         CondB
 91.4400    0    0.720   1.0000          NULL 
 92.1600    3   10.800   1.0000         CondC
102.9600    0    3.600   1.0000          NULL 
106.5600    6   11.520   1.0000         CondF
118.0800    0    0.720   1.0000          NULL 
118.8000    2   10.800   1.0000         CondB
129.6000    0    0.720   1.0000          NULL 
130.3200    2   10.800   1.0000         CondB
141.1200    0    1.440   1.0000          NULL 
142.5600    4   11.520   1.0000         CondD
154.0800    0    0.720   1.0000          NULL 
154.8000    5   11.520   1.0000         CondD
166.3201    0    3.600   1.0000          NULL 
169.9201    3   10.800   1.0000         CondC
180.7201    0    4.320   1.0000          NULL 
185.0401    3   10.800   1.0000         CondC
195.8401    0    2.160   1.0000          NULL 
198.0001    5   11.520   1.0000         CondD
209.5201    0    7.920   1.0000          NULL 
217.4401    3   10.800   1.0000         CondC
228.2401    0    0.720   1.0000          NULL 
228.9601    1   10.800   1.0000         CondA
239.7601    0    4.320   1.0000          NULL 
244.0801    3   10.800   1.0000         CondC
254.8801    0    0.720   1.0000          NULL 
255.6001    1   10.800   1.0000         CondA
266.4001    0    5.040   1.0000          NULL 
271.4401    6   11.520   1.0000         CondF
282.9601    0   10.800   1.0000          NULL 
293.7601    3   10.800   1.0000         CondC
304.5601    0    1.440   1.0000          NULL 
306.0001    6   11.520   1.0000         CondF
317.5201    0    5.760   1.0000          NULL 
323.2801    4   11.520   1.0000         CondD
334.8001    0    5.040   1.0000          NULL 
339.8401    4   11.520   1.0000         CondD
351.3601    0    0.720   1.0000          NULL 
352.0801    1   10.800   1.0000         CondA
362.8801    0    2.880   1.0000          NULL 
365.7601    4   11.520   1.0000         CondD
377.2801    0    1.440   1.0000          NULL 
378.7201    5   11.520   1.0000         CondD
390.2401    0    2.160   1.0000          NULL 
392.4001    1   10.800   1.0000         CondA
403.2001    0    1.440   1.0000          NULL 
404.6401    4   11.520   1.0000         CondD
416.1601    0    2.160   1.0000          NULL 
418.3201    3   10.800   1.0000         CondC
429.1201    0    4.320   1.0000          NULL 
433.4401    4   11.520   1.0000         CondD
444.9601    0    6.480   1.0000          NULL 
451.4401    2   10.800   1.0000         CondB
462.2401    0    3.600   1.0000          NULL 
465.8401    5   11.520   1.0000         CondD
477.3600    0    3.600   1.0000          NULL 
480.9601    2   10.800   1.0000         CondB
491.7600    0    2.160   1.0000          NULL 
493.9200    4   11.520   1.0000         CondD
505.4400    0    0.720   1.0000          NULL 
506.1600    2   10.800   1.0000         CondB
516.9600    0    0.720   1.0000          NULL 
517.6800    4   11.520   1.0000         CondD
529.2000    0    4.320   1.0000          NULL 
533.5198    1   10.800   1.0000         CondA
544.3198    0    5.040   1.0000          NULL 
549.3596    3   10.800   1.0000         CondC
560.1596    0   15.119   1.0000          NULL 
575.2790    2   10.800   1.0000         CondB
586.0790    0    2.160   1.0000          NULL 
588.2389    6   11.520   1.0000         CondF
599.7589    0    2.880   1.0000          NULL 
602.6388    6   11.520   1.0000         CondF
614.1588    0    1.440   1.0000          NULL 
615.5988    5   11.520   1.0000         CondD
627.1188    0    3.600   1.0000          NULL 
630.7186    4   11.520   1.0000         CondD
642.2386    0    2.880   1.0000          NULL 
645.1185    1   10.800   1.0000         CondA
655.9185    0    3.600   1.0000          NULL 
659.5184    1   10.800   1.0000         CondA
670.3184    0    0.720   1.0000          NULL 
671.0383    6   11.520   1.0000         CondF
682.5583    0    0.720   1.0000          NULL 
683.2783    5   11.520   1.0000         CondD
694.7983    0    0.720   1.0000          NULL 
695.5183    1   10.800   1.0000         CondA
706.3183    0    1.440   1.0000          NULL 
707.7582    2   10.800   1.0000         CondB
718.5582    0    0.720   1.0000          NULL 
719.2782    6   11.520   1.0000         CondF
730.7982    0    0.720   1.0000          NULL 
731.5182    1   10.800   1.0000         CondA
742.3182    0    0.720   1.0000          NULL 
743.0381    6   11.520   1.0000         CondF
754.5582    0    2.880   1.0000          NULL 
757.4380    6   11.520   1.0000         CondF
768.9581    0    1.440   1.0000          NULL 
770.3980    3   10.800   1.0000         CondC
781.1980    0    5.040   1.0000          NULL 
786.2378    5   11.520   1.0000         CondD
797.7578    0    5.760   1.0000          NULL 
803.5176    4   11.520   1.0000         CondD
815.0376    0    2.880   1.0000          NULL 
817.9175    6   11.520   1.0000         CondF
829.4375    0    0.720   1.0000          NULL 
830.1575    6   11.520   1.0000         CondF
841.6775    0    4.320   1.0000          NULL 
845.9973    1   10.800   1.0000         CondA
856.7973    0    3.600   1.0000          NULL 
860.3972    1   10.800   1.0000         CondA
871.1971    0    4.320   1.0000          NULL 
875.5170    2   10.800   1.0000         CondB
886.3170    0    1.440   1.0000          NULL 
887.7569    3   10.800   1.0000         CondC
898.5569    0    3.600   1.0000          NULL 
902.1567    5   11.520   1.0000         CondD
913.6768    0    2.160   1.0000          NULL 
915.8367    1   10.800   1.0000         CondA
926.6367    0    1.440   1.0000          NULL 
928.0766    5   11.520   1.0000         CondD
939.5966    0    1.440   1.0000          NULL 
941.0366    5   11.520   1.0000         CondD
952.5566    0    0.720   1.0000          NULL 
953.2766    5   11.520   1.0000         CondD
964.7966    0    1.440   1.0000          NULL 
966.2365    4   11.520   1.0000         CondD
977.7565    0    0.720   1.0000          NULL 
978.4765    6   11.520   1.0000         CondF
989.9965    0    0.720   1.0000          NULL 
990.7165    4   11.520   1.0000         CondD
1002.2365    0    5.764   1.0000          NULL 
