  0.0000    1   11.200   1.0000         CondA
 11.2000    0    3.200   1.0000          NULL 
 14.4000    5   12.000   1.0000         CondE
 26.4000    0    1.600   1.0000          NULL 
 28.0000    5   12.000   1.0000         CondE
 40.0000    0    2.400   1.0000          NULL 
 42.4000    6   12.000   1.0000         CondF
 54.4000    0    5.600   1.0000          NULL 
 60.0000    6   12.000   1.0000         CondF
 72.0000    0    0.800   1.0000          NULL 
 72.8000    5   12.000   1.0000         CondE
 84.8000    0    4.800   1.0000          NULL 
 89.6000    4   12.000   1.0000         CondD
101.6000    0    1.600   1.0000          NULL 
103.2000    4   12.000   1.0000         CondD
115.2000    0    1.600   1.0000          NULL 
116.8000    3   11.200   1.0000         CondC
128.0000    0    1.600   1.0000          NULL 
129.6000    1   11.200   1.0000         CondA
140.8000    0    1.600   1.0000          NULL 
142.4000    3   11.200   1.0000         CondC
153.6000    0    2.400   1.0000          NULL 
156.0000    5   12.000   1.0000         CondE
168.0000    0    6.400   1.0000          NULL 
174.4001    1   11.200   1.0000         CondA
185.6001    0    4.800   1.0000          NULL 
190.4001    6   12.000   1.0000         CondF
202.4001    0    0.800   1.0000          NULL 
203.2001    3   11.200   1.0000         CondC
214.4001    0    1.600   1.0000          NULL 
216.0001    4   12.000   1.0000         CondD
228.0001    0    4.000   1.0000          NULL 
232.0001    6   12.000   1.0000         CondF
244.0001    0    4.800   1.0000          NULL 
248.8001    4   12.000   1.0000         CondD
260.8001    0    0.800   1.0000          NULL 
261.6001    1   11.200   1.0000         CondA
272.8001    0    3.200   1.0000          NULL 
276.0001    4   12.000   1.0000         CondD
288.0001    0    3.200   1.0000          NULL 
291.2000    1   11.200   1.0000         CondA
302.4000    0    1.600   1.0000          NULL 
304.0000    2   11.200   1.0000         CondB
315.2000    0    0.800   1.0000          NULL 
316.0000    2   11.200   1.0000         CondB
327.2000    0    0.800   1.0000          NULL 
328.0000    4   12.000   1.0000         CondD
340.0000    0    2.400   1.0000          NULL 
342.4000    5   12.000   1.0000         CondE
354.4000    0    0.800   1.0000          NULL 
355.2000    6   12.000   1.0000         CondF
367.2000    0    2.400   1.0000          NULL 
369.5999    1   11.200   1.0000         CondA
380.7999    0    8.000   1.0000          NULL 
388.7998    6   12.000   1.0000         CondF
400.7998    0    3.200   1.0000          NULL 
403.9998    3   11.200   1.0000         CondC
415.1998    0    2.400   1.0000          NULL 
417.5997    3   11.200   1.0000         CondC
428.7997    0    0.800   1.0000          NULL 
429.5997    2   11.200   1.0000         CondB
440.7997    0    1.600   1.0000          NULL 
442.3997    5   12.000   1.0000         CondE
454.3997    0    2.400   1.0000          NULL 
456.7997    2   11.200   1.0000         CondB
467.9997    0    4.800   1.0000          NULL 
472.7996    3   11.200   1.0000         CondC
483.9996    0    4.000   1.0000          NULL 
487.9996    2   11.200   1.0000         CondB
499.1996    0    1.600   1.0000          NULL 
500.7996    2   11.200   1.0000         CondB
511.9996    0    6.400   1.0000          NULL 
  0.0000    5   12.000   1.0000         CondE
 12.0000    0    0.800   1.0000          NULL 
 12.8000    6   12.000   1.0000         CondF
 24.8000    0    3.200   1.0000          NULL 
 28.0000    3   11.200   1.0000         CondC
 39.2000    0    1.600   1.0000          NULL 
 40.8000    6   12.000   1.0000         CondF
 52.8000    0    1.600   1.0000          NULL 
 54.4000    1   11.200   1.0000         CondA
 65.6000    0    1.600   1.0000          NULL 
 67.2000    6   12.000   1.0000         CondF
 79.2000    0    0.800   1.0000          NULL 
 80.0000    3   11.200   1.0000         CondC
 91.2000    0    0.800   1.0000          NULL 
 92.0000    4   12.000   1.0000         CondD
104.0000    0    0.800   1.0000          NULL 
104.8000    6   12.000   1.0000         CondF
116.8000    0    4.800   1.0000          NULL 
121.6000    2   11.200   1.0000         CondB
132.8000    0    1.600   1.0000          NULL 
134.4000    6   12.000   1.0000         CondF
146.4000    0    1.600   1.0000          NULL 
148.0000    2   11.200   1.0000         CondB
159.2000    0    0.800   1.0000          NULL 
160.0000    4   12.000   1.0000         CondD
172.0000    0    2.400   1.0000          NULL 
174.4000    1   11.200   1.0000         CondA
185.6000    0   11.200   1.0000          NULL 
196.8001    4   12.000   1.0000         CondD
208.8001    0    0.800   1.0000          NULL 
209.6001    3   11.200   1.0000         CondC
220.8001    0    2.400   1.0000          NULL 
223.2001    5   12.000   1.0000         CondE
235.2001    0    0.800   1.0000          NULL 
236.0001    4   12.000   1.0000         CondD
248.0001    0    0.800   1.0000          NULL 
248.8001    2   11.200   1.0000         CondB
260.0001    0    1.600   1.0000          NULL 
261.6001    6   12.000   1.0000         CondF
273.6001    0    8.000   1.0000          NULL 
281.5999    5   12.000   1.0000         CondE
293.5999    0    1.600   1.0000          NULL 
295.1999    2   11.200   1.0000         CondB
306.3999    0    2.400   1.0000          NULL 
308.7999    2   11.200   1.0000         CondB
319.9999    0    3.200   1.0000          NULL 
323.1999    1   11.200   1.0000         CondA
334.3999    0    9.600   1.0000          NULL 
343.9997    3   11.200   1.0000         CondC
355.1997    0    1.600   1.0000          NULL 
356.7997    5   12.000   1.0000         CondE
368.7997    0    3.200   1.0000          NULL 
371.9997    3   11.200   1.0000         CondC
383.1997    0    0.800   1.0000          NULL 
383.9997    3   11.200   1.0000         CondC
395.1997    0    4.800   1.0000          NULL 
399.9996    1   11.200   1.0000         CondA
411.1996    0    2.400   1.0000          NULL 
413.5996    1   11.200   1.0000         CondA
424.7996    0    4.000   1.0000          NULL 
428.7995    4   12.000   1.0000         CondD
440.7995    0    1.600   1.0000          NULL 
442.3995    5   12.000   1.0000         CondE
454.3995    0    1.600   1.0000          NULL 
455.9995    1   11.200   1.0000         CondA
467.1995    0    0.800   1.0000          NULL 
467.9995    2   11.200   1.0000         CondB
479.1995    0    4.800   1.0000          NULL 
483.9994    5   12.000   1.0000         CondE
495.9994    0    3.200   1.0000          NULL 
499.1994    4   12.000   1.0000         CondD
511.1994    0    7.201   1.0000          NULL 
