  0.0000    5   12.000   1.0000         CondE
 12.0000    0    0.800   1.0000          NULL 
 12.8000    1   11.200   1.0000         CondA
 24.0000    0    3.200   1.0000          NULL 
 27.2000    3   11.200   1.0000         CondC
 38.4000    0    0.800   1.0000          NULL 
 39.2000    5   12.000   1.0000         CondE
 51.2000    0    1.600   1.0000          NULL 
 52.8000    5   12.000   1.0000         CondE
 64.8000    0    0.800   1.0000          NULL 
 65.6000    6   12.000   1.0000         CondF
 77.6000    0    0.800   1.0000          NULL 
 78.4000    2   11.200   1.0000         CondB
 89.6000    0    3.200   1.0000          NULL 
 92.8000    2   11.200   1.0000         CondB
104.0000    0    3.200   1.0000          NULL 
107.2000    3   11.200   1.0000         CondC
118.4000    0    3.200   1.0000          NULL 
121.6000    4   12.000   1.0000         CondD
133.6000    0    3.200   1.0000          NULL 
136.8000    4   12.000   1.0000         CondD
148.8000    0    4.800   1.0000          NULL 
153.6001    2   11.200   1.0000         CondB
164.8001    0    0.800   1.0000          NULL 
165.6001    2   11.200   1.0000         CondB
176.8001    0    3.200   1.0000          NULL 
180.0001    6   12.000   1.0000         CondF
192.0001    0    1.600   1.0000          NULL 
193.6001    4   12.000   1.0000         CondD
205.6001    0    1.600   1.0000          NULL 
207.2001    1   11.200   1.0000         CondA
218.4001    0    5.600   1.0000          NULL 
224.0001    4   12.000   1.0000         CondD
236.0001    0    2.400   1.0000          NULL 
238.4001    3   11.200   1.0000         CondC
249.6001    0    4.800   1.0000          NULL 
254.4001    3   11.200   1.0000         CondC
265.6001    0    0.800   1.0000          NULL 
266.4001    1   11.200   1.0000         CondA
277.6001    0    4.000   1.0000          NULL 
281.6001    1   11.200   1.0000         CondA
292.8001    0    3.200   1.0000          NULL 
296.0000    4   12.000   1.0000         CondD
308.0000    0    9.600   1.0000          NULL 
317.5999    1   11.200   1.0000         CondA
328.7999    0    0.800   1.0000          NULL 
329.5999    2   11.200   1.0000         CondB
340.7999    0    1.600   1.0000          NULL 
342.3999    1   11.200   1.0000         CondA
353.5999    0    2.400   1.0000          NULL 
355.9998    2   11.200   1.0000         CondB
367.1999    0    1.600   1.0000          NULL 
368.7998    6   12.000   1.0000         CondF
380.7998    0    8.000   1.0000          NULL 
388.7997    6   12.000   1.0000         CondF
400.7997    0    1.600   1.0000          NULL 
402.3997    3   11.200   1.0000         CondC
413.5997    0    1.600   1.0000          NULL 
415.1997    6   12.000   1.0000         CondF
427.1997    0    4.000   1.0000          NULL 
431.1996    5   12.000   1.0000         CondE
443.1996    0    0.800   1.0000          NULL 
443.9996    4   12.000   1.0000         CondD
455.9996    0    1.600   1.0000          NULL 
457.5996    6   12.000   1.0000         CondF
469.5996    0    5.600   1.0000          NULL 
475.1995    5   12.000   1.0000         CondE
487.1995    0    0.800   1.0000          NULL 
487.9995    5   12.000   1.0000         CondE
499.9995    0    1.600   1.0000          NULL 
501.5995    3   11.200   1.0000         CondC
512.7994    0    5.601   1.0000          NULL
  0.0000    2   11.200   1.0000         CondB
 11.2000    0    0.800   1.0000          NULL 
 12.0000    5   12.000   1.0000         CondE
 24.0000    0    0.800   1.0000          NULL 
 24.8000    4   12.000   1.0000         CondD
 36.8000    0    1.600   1.0000          NULL 
 38.4000    5   12.000   1.0000         CondE
 50.4000    0    0.800   1.0000          NULL 
 51.2000    1   11.200   1.0000         CondA
 62.4000    0    0.800   1.0000          NULL 
 63.2000    3   11.200   1.0000         CondC
 74.4000    0    1.600   1.0000          NULL 
 76.0000    6   12.000   1.0000         CondF
 88.0000    0    2.400   1.0000          NULL 
 90.4000    4   12.000   1.0000         CondD
102.4000    0   14.400   1.0000          NULL 
116.8001    2   11.200   1.0000         CondB
128.0001    0    3.200   1.0000          NULL 
131.2001    4   12.000   1.0000         CondD
143.2001    0    4.000   1.0000          NULL 
147.2001    3   11.200   1.0000         CondC
158.4001    0    8.800   1.0000          NULL 
167.2001    4   12.000   1.0000         CondD
179.2001    0    7.200   1.0000          NULL 
186.4001    2   11.200   1.0000         CondB
197.6001    0    0.800   1.0000          NULL 
198.4001    2   11.200   1.0000         CondB
209.6001    0    2.400   1.0000          NULL 
212.0002    1   11.200   1.0000         CondA
223.2001    0    0.800   1.0000          NULL 
224.0002    5   12.000   1.0000         CondE
236.0002    0    0.800   1.0000          NULL 
236.8002    2   11.200   1.0000         CondB
248.0002    0    2.400   1.0000          NULL 
250.4002    3   11.200   1.0000         CondC
261.6002    0    0.800   1.0000          NULL 
262.4001    1   11.200   1.0000         CondA
273.6002    0    5.600   1.0000          NULL 
279.2001    1   11.200   1.0000         CondA
290.4001    0    0.800   1.0000          NULL 
291.2001    3   11.200   1.0000         CondC
302.4001    0    8.000   1.0000          NULL 
310.4000    6   12.000   1.0000         CondF
322.4000    0    1.600   1.0000          NULL 
323.9999    5   12.000   1.0000         CondE
335.9999    0    0.800   1.0000          NULL 
336.7999    5   12.000   1.0000         CondE
348.7999    0    2.400   1.0000          NULL 
351.1999    6   12.000   1.0000         CondF
363.1999    0    2.400   1.0000          NULL 
365.5999    6   12.000   1.0000         CondF
377.5999    0    1.600   1.0000          NULL 
379.1998    1   11.200   1.0000         CondA
390.3998    0    3.200   1.0000          NULL 
393.5998    2   11.200   1.0000         CondB
404.7998    0    1.600   1.0000          NULL 
406.3998    6   12.000   1.0000         CondF
418.3998    0    1.600   1.0000          NULL 
419.9998    6   12.000   1.0000         CondF
431.9998    0    1.600   1.0000          NULL 
433.5997    3   11.200   1.0000         CondC
444.7997    0    2.400   1.0000          NULL 
447.1997    4   12.000   1.0000         CondD
459.1997    0    0.800   1.0000          NULL 
459.9997    5   12.000   1.0000         CondE
471.9997    0    2.400   1.0000          NULL 
474.3997    3   11.200   1.0000         CondC
485.5997    0    0.800   1.0000          NULL 
486.3997    1   11.200   1.0000         CondA
497.5997    0    2.400   1.0000          NULL 
499.9996    4   12.000   1.0000         CondD
511.9996    0    6.400   1.0000          NULL 
 
