  0.0000    2   11.200   1.0000         CondB
 11.2000    0    0.800   1.0000          NULL 
 12.0000    5   12.000   1.0000         CondE
 24.0000    0    0.800   1.0000          NULL 
 24.8000    4   12.000   1.0000         CondD
 36.8000    0    1.600   1.0000          NULL 
 38.4000    5   12.000   1.0000         CondE
 50.4000    0    0.800   1.0000          NULL 
 51.2000    1   11.200   1.0000         CondA
 62.4000    0    0.800   1.0000          NULL 
 63.2000    3   11.200   1.0000         CondC
 74.4000    0    1.600   1.0000          NULL 
 76.0000    6   12.000   1.0000         CondF
 88.0000    0    2.400   1.0000          NULL 
 90.4000    4   12.000   1.0000         CondD
102.4000    0   14.400   1.0000          NULL 
116.8001    2   11.200   1.0000         CondB
128.0001    0    3.200   1.0000          NULL 
131.2001    4   12.000   1.0000         CondD
143.2001    0    4.000   1.0000          NULL 
147.2001    3   11.200   1.0000         CondC
158.4001    0    8.800   1.0000          NULL 
167.2001    4   12.000   1.0000         CondD
179.2001    0    7.200   1.0000          NULL 
186.4001    2   11.200   1.0000         CondB
197.6001    0    0.800   1.0000          NULL 
198.4001    2   11.200   1.0000         CondB
209.6001    0    2.400   1.0000          NULL 
212.0002    1   11.200   1.0000         CondA
223.2001    0    0.800   1.0000          NULL 
224.0002    5   12.000   1.0000         CondE
236.0002    0    0.800   1.0000          NULL 
236.8002    2   11.200   1.0000         CondB
248.0002    0    2.400   1.0000          NULL 
250.4002    3   11.200   1.0000         CondC
261.6002    0    0.800   1.0000          NULL 
262.4001    1   11.200   1.0000         CondA
273.6002    0    5.600   1.0000          NULL 
279.2001    1   11.200   1.0000         CondA
290.4001    0    0.800   1.0000          NULL 
291.2001    3   11.200   1.0000         CondC
302.4001    0    8.000   1.0000          NULL 
310.4000    6   12.000   1.0000         CondF
322.4000    0    1.600   1.0000          NULL 
323.9999    5   12.000   1.0000         CondE
335.9999    0    0.800   1.0000          NULL 
336.7999    5   12.000   1.0000         CondE
348.7999    0    2.400   1.0000          NULL 
351.1999    6   12.000   1.0000         CondF
363.1999    0    2.400   1.0000          NULL 
365.5999    6   12.000   1.0000         CondF
377.5999    0    1.600   1.0000          NULL 
379.1998    1   11.200   1.0000         CondA
390.3998    0    3.200   1.0000          NULL 
393.5998    2   11.200   1.0000         CondB
404.7998    0    1.600   1.0000          NULL 
406.3998    6   12.000   1.0000         CondF
418.3998    0    1.600   1.0000          NULL 
419.9998    6   12.000   1.0000         CondF
431.9998    0    1.600   1.0000          NULL 
433.5997    3   11.200   1.0000         CondC
444.7997    0    2.400   1.0000          NULL 
447.1997    4   12.000   1.0000         CondD
459.1997    0    0.800   1.0000          NULL 
459.9997    5   12.000   1.0000         CondE
471.9997    0    2.400   1.0000          NULL 
474.3997    3   11.200   1.0000         CondC
485.5997    0    0.800   1.0000          NULL 
486.3997    1   11.200   1.0000         CondA
497.5997    0    2.400   1.0000          NULL 
499.9996    4   12.000   1.0000         CondD
511.9996    0    6.400   1.0000          NULL 
  0.0000    1   11.200   1.0000         CondA
 11.2000    0    3.200   1.0000          NULL 
 14.4000    5   12.000   1.0000         CondE
 26.4000    0    1.600   1.0000          NULL 
 28.0000    5   12.000   1.0000         CondE
 40.0000    0    2.400   1.0000          NULL 
 42.4000    6   12.000   1.0000         CondF
 54.4000    0    5.600   1.0000          NULL 
 60.0000    6   12.000   1.0000         CondF
 72.0000    0    0.800   1.0000          NULL 
 72.8000    5   12.000   1.0000         CondE
 84.8000    0    4.800   1.0000          NULL 
 89.6000    4   12.000   1.0000         CondD
101.6000    0    1.600   1.0000          NULL 
103.2000    4   12.000   1.0000         CondD
115.2000    0    1.600   1.0000          NULL 
116.8000    3   11.200   1.0000         CondC
128.0000    0    1.600   1.0000          NULL 
129.6000    1   11.200   1.0000         CondA
140.8000    0    1.600   1.0000          NULL 
142.4000    3   11.200   1.0000         CondC
153.6000    0    2.400   1.0000          NULL 
156.0000    5   12.000   1.0000         CondE
168.0000    0    6.400   1.0000          NULL 
174.4001    1   11.200   1.0000         CondA
185.6001    0    4.800   1.0000          NULL 
190.4001    6   12.000   1.0000         CondF
202.4001    0    0.800   1.0000          NULL 
203.2001    3   11.200   1.0000         CondC
214.4001    0    1.600   1.0000          NULL 
216.0001    4   12.000   1.0000         CondD
228.0001    0    4.000   1.0000          NULL 
232.0001    6   12.000   1.0000         CondF
244.0001    0    4.800   1.0000          NULL 
248.8001    4   12.000   1.0000         CondD
260.8001    0    0.800   1.0000          NULL 
261.6001    1   11.200   1.0000         CondA
272.8001    0    3.200   1.0000          NULL 
276.0001    4   12.000   1.0000         CondD
288.0001    0    3.200   1.0000          NULL 
291.2000    1   11.200   1.0000         CondA
302.4000    0    1.600   1.0000          NULL 
304.0000    2   11.200   1.0000         CondB
315.2000    0    0.800   1.0000          NULL 
316.0000    2   11.200   1.0000         CondB
327.2000    0    0.800   1.0000          NULL 
328.0000    4   12.000   1.0000         CondD
340.0000    0    2.400   1.0000          NULL 
342.4000    5   12.000   1.0000         CondE
354.4000    0    0.800   1.0000          NULL 
355.2000    6   12.000   1.0000         CondF
367.2000    0    2.400   1.0000          NULL 
369.5999    1   11.200   1.0000         CondA
380.7999    0    8.000   1.0000          NULL 
388.7998    6   12.000   1.0000         CondF
400.7998    0    3.200   1.0000          NULL 
403.9998    3   11.200   1.0000         CondC
415.1998    0    2.400   1.0000          NULL 
417.5997    3   11.200   1.0000         CondC
428.7997    0    0.800   1.0000          NULL 
429.5997    2   11.200   1.0000         CondB
440.7997    0    1.600   1.0000          NULL 
442.3997    5   12.000   1.0000         CondE
454.3997    0    2.400   1.0000          NULL 
456.7997    2   11.200   1.0000         CondB
467.9997    0    4.800   1.0000          NULL 
472.7996    3   11.200   1.0000         CondC
483.9996    0    4.000   1.0000          NULL 
487.9996    2   11.200   1.0000         CondB
499.1996    0    1.600   1.0000          NULL 
500.7996    2   11.200   1.0000         CondB
511.9996    0    6.400   1.0000          NULL 
